-5.28916 4.49263
-7.89789 -3.84259
0.23957 3.63933
1.81921 -1.17038
5.62792 -5.23972
-3.73211 7.69524
-9.96521 -0.114444
-7.72332 -0.458693
4.46577 -3.06314
4.83871 -2.96793
7.46452 2.00293
-6.62893 -5.8861
6.4745 3.04727
-1.0416 4.43953
-2.00903 0.695517
-9.30967 -6.58071
9.61974 1.713
9.22971 4.53413
-2.81961 0.802332
5.72741 0.527055
-0.02472 -3.6491
4.22346 -9.89196
7.3394 -4.25398
5.63829 0.786462
-0.38667 -4.11908
1.49937 8.46187
-3.34758 -5.50951
-4.48714 4.40168
-3.00333 -2.07556
1.11789 -9.7766
0.831019 0.993377
-6.86209 1.51158
-0.134587 4.51094
1.6599 -9.31394
7.24601 6.15589
6.26576 9.76684
-9.36766 -9.72228
-1.26194 3.62957
1.5714 -7.72149
-7.62688 -5.5913
4.27107 3.17911
6.01489 7.65007
-3.07352 -9.98474
0.937223 0.846889
8.70479 -2.31971
-1.2833 4.98947
5.515 7.82525
-1.80883 -0.262154
7.70074 0.46968
-0.346995 -7.13736
-7.23624 -6.07715
-5.60472 4.5616
6.25843 8.65658
7.7282 7.2869
-6.03198 -9.26145
-6.39882 1.70324
-1.49815 0.475784
8.95627 -0.592975
-6.57277 1.86377
5.91968 -6.97439
-1.93213 -1.50975
9.98291 4.32661
6.08936 -8.49239
2.28004 -9.04599
-9.00082 5.2971
-5.90747 2.43446
1.6892 -3.54656
-8.29646 6.04968
-8.86654 -8.2757
-0.267647 -6.76687
-8.61141 -9.49461
1.0654 7.08792
-2.00537 -2.45827
1.52074 1.66723
-3.0784 1.44505
-2.6426 -6.36158
-2.81777 4.65743
-6.2328 -3.04849
2.22816 0.484939
-7.5396 1.14353
3.26456 2.82571
-3.51299 3.89874
7.60002 4.22102
-9.59716 -1.5067
5.16648 7.84722
3.91705 6.74734
6.32008 9.08444
-2.86721 -1.89245
-5.93738 -7.72759
-4.47127 5.4912
3.80108 -1.70324
-7.22282 -1.48961
-6.23402 8.60836
9.54894 4.70565
-0.771203 1.32298
6.41346 -0.589312
-6.37989 5.0145
-1.02939 -5.12253
9.70153 5.82263
-6.66982 9.28098
